2 0.7637311343750001 0.39481161249999996 0.7828125 0.3731666921875 0.7828125 0.3694756890625 0.7346950046875 0.3265625 0.733678940625 0.3265625 0.713041396875 0.34960705625 0.7637311343750001 0.39481161249999996
2 0.4671875 0.3625 0.13515625 0.11796875
2 0.8271350796875 0.35114826718750003 0.8064541249999999 0.35372772812500003 0.8262663890624999 0.39375 0.85 0.39375 0.85 0.39217252343750003 0.8271350796875 0.35114826718750003
2 0.3453125 0.371875 0.103125 0.059765625
3 0.9051830031250001 0.40518901406249996 0.9052125453125001 0.4077277546875 0.9424765015625001 0.4125 0.9884798171875 0.4125 0.990625 0.379148621875 0.990625 0.37466949843749997 0.9069033796875001 0.3629454640625 0.9051830031250001 0.40518901406249996
2 0.45774227187500005 0.4483433 0.44746385 0.47855918906249995 0.44746118125 0.4786738328125 0.509242153125 0.4859375 0.5445369265625 0.4859375 0.539445971875 0.45967623281250003 0.45774227187500005 0.4483433
2 0.0953125 0.475 0.056640625 0.03203125
2 0.034375 0.475 0.058984375 0.043359375
2 0.7234273765625 0.5179629484375 0.7213269343750001 0.45539498749999996 0.5745344125 0.455253303125 0.574494271875 0.53125 0.7113857718750001 0.53125 0.723122134375 0.531077378125 0.7234273765625 0.5179629484375
2 0.7375 0.4857464046875 0.7375 0.4896607171875 0.7501335421875 0.525807509375 0.7937874218750001 0.5257553203125 0.8290465906250001 0.4934919 0.8209907187500001 0.4578125 0.8147116375 0.4578125 0.781473884375 0.4816908203125 0.7375 0.4857464046875
2 0.034375 0.5046875 0.062109375 0.041015625
2 0.0953125 0.5046875 0.05859375 0.034375
2 0.47045260625 0.4634596078125 0.43126197343749995 0.4987779953125 0.5271038203125 0.565625 0.5363350921875 0.565625 0.553125 0.527249996875 0.553125 0.5238885359375 0.4817581234375 0.47213130937500003 0.47045260625 0.4634596078125
2 0.77088641875 0.609707421875 0.8592282484375 0.660414353125 0.861429971875 0.6603631062499999 0.8698293140625 0.642212459375 0.8702862625 0.6029422984374999 0.8192240343750001 0.575 0.80640125625 0.575 0.7880708249999999 0.57689924375 0.77088641875 0.609707421875
2 0.4203125 0.6221614875 0.5271517015625 0.6746703546874999 0.5628258140625 0.615995053125 0.4560839078125 0.565625 0.45281192812500004 0.565625 0.4203125 0.6170592578125 0.4203125 0.6221614875
2 0.3475665484375 0.58990249375 0.29375 0.6197624562499999 0.29375 0.619925421875 0.32470840624999997 0.66983411875 0.3396885203125 0.671875 0.35007925625 0.671875 0.359614521875 0.661605409375 0.371540359375 0.671875 0.3917758015625 0.671875 0.39206386875 0.671837575 0.3475665484375 0.58990249375
2 0.9101632640625 0.5909445703125 0.886175140625 0.6268681093749999 0.9328238390625 0.646332753125 0.9589157640625 0.6875 0.9628474625000001 0.6875 0.9828125 0.6635133093750001 0.9828125 0.6481267765625 0.9581336640625 0.613616971875 0.9101632640625 0.5909445703125
3 0.9904449937500001 0.34048073749999996 0.9771797875000001 0.3038868421875 0.8984375 0.3333945984375 0.8984375 0.336594553125 0.9122440453125 0.371875 0.9146061515625 0.371875 0.99025766875 0.34405511093749996 0.9904449937500001 0.34048073749999996
2 0.7680294015625 0.6170802015625 0.7671875 0.63762150625 0.7671875 0.6646082671875 0.7775858359375001 0.6671875 0.838015590625 0.6671875 0.7931908812499999 0.61731530625 0.7680294015625 0.6170802015625
2 0.56894505625 0.3827141953125 0.6296875 0.32933306562500003 0.6296875 0.321905984375 0.6055691015625 0.2953125 0.6043362671875 0.2953125 0.5404660640625 0.3523946671875 0.56894505625 0.3827141953125
2 0.828125 0.35644759375 0.828125 0.3570290375 0.8359773046875001 0.3625 0.8404324953125 0.3625 0.85599529375 0.3535445328125 0.88125 0.3436638328125 0.88125 0.34336699375 0.8675009046875 0.33676607812500003 0.828125 0.35644759375