2 0.712810975 0.34710115468749997 0.7127430765625 0.378125 0.7146534625000001 0.378125 0.7810076328125 0.37324840312499996 0.78125 0.368044690625 0.78125 0.34375 0.7584266671875 0.34375 0.712810975 0.34710115468749997
2 0.4671875 0.3625 0.130859375 0.106640625
2 0.802610671875 0.384375 0.8482663562500001 0.384375 0.853125 0.3691318015625 0.853125 0.36244550468750003 0.8073318671875 0.3647974375 0.802610671875 0.384375
2 0.3453125 0.371875 0.102734375 0.05703125
3 0.9015625 0.3762194921875 0.9568935453125 0.4311305640625 0.957246721875 0.43112028750000003 0.9890210890625 0.3995490921875 0.989086065625 0.39843349375 0.933866715625 0.3421875 0.932515453125 0.3421875 0.9015625 0.374286875 0.9015625 0.3762194921875
2 0.477527746875 0.427313478125 0.451610765625 0.44663630000000004 0.522214975 0.509375 0.525412196875 0.509375 0.5373395859375 0.4827811140625 0.477527746875 0.427313478125
2 0.0953125 0.475 0.05625 0.03125
2 0.034375 0.475 0.059375 0.03671875
2 0.724823896875 0.4582629515625 0.5795206515625 0.44618123125000003 0.5703125 0.504527371875 0.5703125 0.52407 0.7154859765625 0.5338275546875 0.724823896875 0.4582629515625
2 0.755602109375 0.46026873906250004 0.7467133578125 0.5027887515625 0.7792636328125 0.5296875 0.8090205203125 0.5296875 0.8263236984375 0.5283639015625 0.8359375 0.49902316874999997 0.8359375 0.48932121406249995 0.7940701609375 0.48691136874999996 0.755602109375 0.46026873906250004
2 0.034375 0.5046875 0.059375 0.028515625
2 0.0953125 0.5046875 0.05859375 0.04375
2 0.428125 0.5127273999999999 0.5377719515625 0.5477077828125 0.5514459109375001 0.4969799140625 0.4728559453125 0.47005588125 0.46526308125 0.4671875 0.4592391546875 0.4671875 0.428125 0.510085459375 0.428125 0.5127273999999999
2 0.7711950828125 0.605276103125 0.778622703125 0.640625 0.78413015 0.640625 0.878125 0.6296258203125 0.878125 0.60978841875 0.876781403125 0.6046733375 0.8564523218750001 0.5796875 0.836574484375 0.5796875 0.792244059375 0.5857723406249999 0.7711950828125 0.605276103125
2 0.428125 0.6197109000000001 0.43206264687499996 0.66560616875 0.4335158453125 0.665589259375 0.5578927359375 0.64030405625 0.551195209375 0.5765625 0.54562611875 0.5765625 0.428125 0.6022088875 0.428125 0.6197109000000001
2 0.310109375 0.651379390625 0.32933457499999996 0.665237934375 0.3443926546875 0.6597212734375 0.350635334375 0.6775457 0.3672321984375 0.683512425 0.37013630937499997 0.5921875 0.3170111890625 0.5921875 0.30859081875 0.5925351015625 0.310109375 0.651379390625
2 0.9164230828125 0.61075291875 0.8921882999999999 0.6534465578125 0.9255637921875 0.684375 0.9277769093750001 0.684375 0.9480753609375 0.6436602375 0.990625 0.626867625 0.990625 0.6238130468749999 0.96005379375 0.5901030281249999 0.9164230828125 0.61075291875
3 0.9010755250000001 0.32349796875000003 0.91166894375 0.3640625 0.9151711578124999 0.3640625 0.9890625 0.350810415625 0.9890625 0.33225904375000004 0.9833977 0.30819161875 0.9010755250000001 0.32349796875000003
2 0.8493003421875001 0.6575472125 0.788701865625 0.6166505203125 0.7641314421875001 0.6229155953125 0.7720046828125 0.66875 0.7808948859375 0.66875 0.799787090625 0.6683970609375 0.8493003421875001 0.6575472125
2 0.5345664890624999 0.3323979703125 0.5445405921875001 0.3703125 0.5502860609375 0.3703125 0.628125 0.3515913484375 0.628125 0.34198390624999997 0.6205760765624999 0.3109866078125 0.5345664890624999 0.3323979703125
2 0.8350050859374999 0.32991930625 0.834375 0.33514230624999997 0.834375 0.3431091296875 0.8509432734375 0.3526171125 0.870902259375 0.36875 0.871611378125 0.36875 0.8710325890625 0.353694965625 0.8350050859374999 0.32991930625