2 0.760330175 0.3940573671875 0.761040421875 0.39401600000000003 0.782512771875 0.3715543921875 0.7825245625 0.3705409984375 0.7371426203125 0.3265625 0.73410904375 0.3265625 0.713061590625 0.34825338281249996 0.760330175 0.3940573671875
2 0.4671875 0.3625 0.13515625 0.122265625
2 0.800219578125 0.36345007812499996 0.8323686374999999 0.3921875 0.8399722671875001 0.3921875 0.85625 0.3842454859375 0.85625 0.3842154 0.817961115625 0.3531602046875 0.800219578125 0.36345007812499996
2 0.3453125 0.371875 0.102734375 0.058984375
3 0.9062617875000001 0.40927936093749995 0.9890625 0.40300509843750004 0.9890625 0.365625 0.90549134375 0.365625 0.9062617875000001 0.40927936093749995
2 0.4546875 0.4812370421875 0.4546875 0.485334721875 0.46457999843750003 0.5078125 0.4707554734375 0.5078125 0.54375 0.454498784375 0.54375 0.45020658437499994 0.5217357828125 0.4343240640625 0.4546875 0.4812370421875
2 0.0953125 0.475 0.059765625 0.040625
2 0.034375 0.475 0.059765625 0.037890625
2 0.6028453625 0.42250771093750006 0.5642078703125 0.491126290625 0.6926324687500001 0.5578125 0.6962788234375 0.5578125 0.7307336921875 0.4915309625 0.6028453625 0.42250771093750006
2 0.7678934140625 0.453020515625 0.7487968984375 0.4915434625 0.776461390625 0.5273161703125 0.8114388 0.5328125 0.8223427265625001 0.5328125 0.840625 0.5044561921875 0.840625 0.4994240203125 0.7994844624999999 0.4873462796875 0.7678934140625 0.453020515625
2 0.034375 0.5046875 0.062109375 0.03515625
2 0.0953125 0.5046875 0.059375 0.040625
2 0.55924545625 0.5241281609375 0.55930631875 0.523382553125 0.538177271875 0.4777925890625 0.4528283703125 0.4992891390625 0.440625 0.502002 0.440625 0.5546875 0.4470493359375 0.5546875 0.55924545625 0.5241281609375
2 0.7721735921875 0.6275508765625 0.8762506531250001 0.6434755484375 0.8765625 0.63785959375 0.8765625 0.6158441125 0.864678059375 0.5863877015625001 0.8024442687500001 0.578125 0.8022424421875 0.578125 0.776037125 0.5911761234374999 0.7721735921875 0.6275508765625
2 0.428240296875 0.6301674859374999 0.461232121875 0.684375 0.4690196390625 0.684375 0.5625 0.62747690625 0.5625 0.6205445 0.5285523515625 0.5668274703125 0.428240296875 0.6301674859374999
2 0.375188859375 0.6445225953125 0.394423796875 0.643424440625 0.40568217031250003 0.6293201796875 0.316630003125 0.60125155 0.3 0.65572601875 0.3 0.6606328859375 0.3382853875 0.6703125 0.3617981 0.6703125 0.3754976828125 0.66027055625 0.375188859375 0.6445225953125
2 0.8950944796875 0.6640625 0.8961935109375 0.6640625 0.9396583796875 0.6445420937499999 0.984375 0.6566124890625 0.984375 0.61043869375 0.9406543656249999 0.6015625 0.9335335859375 0.6015625 0.8885058890625 0.6191304046874999 0.8950944796875 0.6640625
3 0.9039983109374999 0.359375 0.91930518125 0.359375 0.98511839375 0.35580928749999996 0.9859375 0.34017980937500003 0.9859375 0.3131661140625 0.9024984187499999 0.318210590625 0.9039983109374999 0.359375
2 0.759489096875 0.656662896875 0.7962707234375 0.683310921875 0.8176226984375001 0.6639520640625001 0.8448381062499999 0.628125 0.8167842999999999 0.628125 0.7745290234375 0.6354784578125 0.759489096875 0.656662896875
2 0.628029134375 0.3420793296875 0.6201180921875 0.3098667734375 0.6180017125 0.3098544609375 0.534375 0.3330761875 0.534375 0.334906578125 0.5441878453125 0.371875 0.5450334234375 0.371875 0.6277222890624999 0.349609884375 0.628029134375 0.3420793296875
2 0.8296875 0.362042009375 0.8296875 0.36292832656249996 0.837392425 0.365625 0.841912209375 0.365625 0.855989684375 0.3520189984375 0.878125 0.33600572500000003 0.878125 0.335422396875 0.8634670296875001 0.332859284375 0.8296875 0.362042009375