2 0.2578125 0.43125 0.17265625 0.124609375
2 0.08359375 0.43125 0.1671875 0.109375
2 0.8203125 0.43125 0.140234375 0.121875
2 0.425 0.434375 0.1125 0.062109375
2 0.6765625 0.45 0.083984375 0.05546875
2 0.5515625 0.4546875 0.09140625 0.05
2 0.940625 0.45625 0.09375 0.046484375
2 0.459375 0.5328125 0.090625 0.053125
2 0.3359375 0.5359375 0.1 0.071484375
2 0.0546875 0.5359375 0.102734375 0.0625
2 0.7515625 0.55625 0.121484375 0.07578125
2 0.596875 0.5578125 0.165625 0.12265625
2 0.903125 0.559375 0.174609375 0.112109375
2 0.1890625 0.5609375 0.140625 0.090234375
2 0.4609375 0.58125 0.090234375 0.059375
2 0.3375 0.5828125 0.10078125 0.06640625
2 0.0546875 0.5828125 0.1 0.05234375
2 0.55 0.40625 0.093359375 0.053125
2 0.940625 0.4078125 0.093359375 0.050390625
2 0.6765625 0.4078125 0.078125 0.037109375