2 0.2578125 0.43125 0.16640625 0.084375
2 0.084375 0.43125 0.16875 0.115625
2 0.8203125 0.43125 0.13515625 0.109375
2 0.425 0.434375 0.11875 0.08046875
2 0.6765625 0.45 0.081640625 0.04921875
2 0.5515625 0.4546875 0.09609375 0.06640625
2 0.940625 0.45625 0.096875 0.05546875
2 0.459375 0.5328125 0.090234375 0.049609375
2 0.3359375 0.5359375 0.1 0.071875
2 0.0546875 0.5359375 0.102734375 0.06875
2 0.7515625 0.55625 0.121484375 0.07578125
2 0.596875 0.5578125 0.166015625 0.121875
2 0.903125 0.559375 0.172265625 0.100390625
2 0.1890625 0.5609375 0.140625 0.090625
2 0.4609375 0.58125 0.084765625 0.04375
2 0.3375 0.5828125 0.099609375 0.072265625
2 0.0546875 0.5828125 0.102734375 0.06015625
2 0.55 0.40625 0.090625 0.047265625
2 0.940625 0.4078125 0.094140625 0.053125
2 0.6765625 0.4078125 0.080859375 0.04375