2 0.2578125 0.43125 0.17109375 0.128125
2 0.0828125 0.43125 0.165234375 0.1
2 0.8203125 0.43125 0.133984375 0.105859375
2 0.425 0.434375 0.11875 0.08046875
2 0.6765625 0.45 0.08125 0.046484375
2 0.5515625 0.4546875 0.094140625 0.069140625
2 0.940625 0.45625 0.09453125 0.050390625
2 0.459375 0.5328125 0.090234375 0.050390625
2 0.3359375 0.5359375 0.1 0.056640625
2 0.0546875 0.5359375 0.10234375 0.072265625
2 0.7515625 0.55625 0.12109375 0.071484375
2 0.596875 0.5578125 0.165625 0.10390625
2 0.903125 0.559375 0.174609375 0.116015625
2 0.1890625 0.5609375 0.140234375 0.097265625
2 0.4609375 0.58125 0.090234375 0.058984375
2 0.3375 0.5828125 0.10078125 0.065234375
2 0.0546875 0.5828125 0.10234375 0.059375
2 0.55 0.40625 0.094140625 0.071484375
2 0.940625 0.4078125 0.097265625 0.074609375
2 0.6765625 0.4078125 0.07890625 0.052734375