4 0.5783062609375 0.27244121718750003 0.45026916874999995 0.3230492640625 0.4778203421875 0.384375 0.4808073765625 0.384375 0.603125 0.334954784375 0.603125 0.33260364062500003 0.5806875671875 0.27251050625 0.5783062609375 0.27244121718750003
4 0.30194853906249997 0.31551551093749997 0.3179966359375 0.3606006109375 0.32639472187499996 0.3587602046875 0.33324884374999997 0.3619391234375 0.335911634375 0.3679907421875 0.33497995468749997 0.371875 0.3404478234375 0.371875 0.440625 0.3424474921875 0.440625 0.3314997625 0.42382164843750003 0.28032896875 0.30194853906249997 0.31551551093749997
4 0.615625 0.325345478125 0.735530228125 0.3846160609375 0.73679621875 0.384557096875 0.7697666296875 0.3271193859375 0.76979673125 0.3262574109375 0.6482736124999999 0.2640625 0.64679595 0.2640625 0.615625 0.322570415625 0.615625 0.325345478125
4 0 0.4493379625 0.0128138609375 0.4859375 0.016596075 0.4859375 0.0633143578125 0.469817178125 0.0633299484375 0.46847727031249997 0.038409878125000005 0.404868409375 0 0.4194294421875 0 0.4493379625
4 0.5153688828125 0.5265625 0.5155764859375 0.5265625 0.659375 0.4131786375 0.659375 0.4111410734375 0.6183038125 0.3640625 0.6156917078124999 0.3640625 0.4806446796875 0.47824613437499996 0.5153688828125 0.5265625
4 0.07119805312500001 0.4721037 0.192216203125 0.48531879531250005 0.20074160624999998 0.485169984375 0.2078125 0.4373712765625 0.2078125 0.4206757453125 0.077983525 0.40901476406250004 0.07119805312500001 0.4721037
4 0.71237625625 0.5765625 0.7136939265625 0.5765625 0.9171875 0.49112853593750005 0.9171875 0.4732231953125 0.8788955875 0.384375 0.8712679640625 0.384375 0.665434428125 0.47239548593749997 0.71237625625 0.5765625
4 0.39992541406250004 0.5790245921875 0.453125 0.5021132500000001 0.453125 0.48572021718749997 0.2857011125 0.371875 0.2808603984375 0.371875 0.21987393281249998 0.46554961875 0.39992541406250004 0.5790245921875
4 0.644771803125 0.5682610921875 0.64968494375 0.567974934375 0.659375 0.5344366593750001 0.659375 0.5054689531250001 0.4980361125 0.4546875 0.49587773281249997 0.4546875 0.473363146875 0.5129084640625 0.644771803125 0.5682610921875
4 0.0025452468749999997 0.5111368078125 0.0044814875 0.541351415625 0.034045189062499995 0.55625 0.043457625 0.55625 0.065625 0.5051568953125 0.065625 0.4990815265625 0.016695503125 0.47700809062499994 0.0025452468749999997 0.5111368078125
4 0.0652318203125 0.5053906515625 0.168765690625 0.58125 0.18335516093749998 0.58125 0.2125 0.5437269921875 0.2125 0.5390460828125 0.10596307187500001 0.45504766406249997 0.0652318203125 0.5053906515625
4 0.3047161 0.24965328593749997 0.3047341984375 0.24996401562499998 0.40490347968749996 0.3140625 0.4215654625 0.3140625 0.4421875 0.277858446875 0.4421875 0.2683695640625 0.334556303125 0.19781953593749999 0.3047161 0.24965328593749997
4 0.7363263140625 0.1917100796875 0.6125 0.265636690625 0.6125 0.27083538906250004 0.6437758437500001 0.3234375 0.6469052125 0.3234375 0.7684556953125 0.24879240781249998 0.7363263140625 0.1917100796875
4 0.4754656671875 0.20475534999999997 0.453125 0.256163278125 0.453125 0.268102090625 0.559777765625 0.3125 0.5764547046875 0.3125 0.60095200625 0.256256159375 0.4754656671875 0.20475534999999997
4 0.5718242390625 0.57726931875 0.44375 0.6409251640625 0.44375 0.6515884140625 0.4686565734375 0.7015625 0.47853765781249996 0.7015625 0.6016869796875 0.64299264375 0.5718242390625 0.57726931875
4 0.43521588906249997 0.620952103125 0.24764269218749999 0.5893987125 0.24603956093749998 0.5893613984375 0.2328125 0.66374461875 0.2328125 0.6778961859375 0.3926613984375 0.703125 0.42211437656250006 0.703125 0.43460916093749996 0.6358423015625 0.43521588906249997 0.620952103125
4 0 0.6823893156249999 0.181810275 0.74553104375 0.2282731125 0.644719415625 0.0441272796875 0.5796875 0.032874303125 0.5796875 0 0.6479626281249999 0 0.6823893156249999
4 0.75990746875 0.6930670375 0.7599684718749999 0.693814365625 0.9571651609374999 0.7765625 0.9665038765625 0.7765625 0.9984375 0.6838796578124999 0.9984375 0.6511850359375 0.80323826875 0.572225375 0.75990746875 0.6930670375
4 0.695053671875 0.6300379140625 0.660138096875 0.5955384140625 0.6595460765625 0.5955384140625 0.6073209312500001 0.6609046390625 0.6635601921875 0.710457378125 0.7161885859375 0.7484375 0.717653721875 0.7484375 0.7546875 0.700720134375 0.7546875 0.6875026 0.7096119046875 0.6541658328125 0.695053671875 0.6300379140625
4 0.6011960296875001 0.7066476046875 0.46766782500000004 0.6520248 0.45031508125 0.696365446875 0.46509672343749997 0.7029042796875 0.4704875796875 0.7091120671875 0.46559648437499995 0.7207412359375 0.44375 0.7148200375 0.44375 0.71517630625 0.55807281875 0.7625 0.580201078125 0.7625 0.6010629203125 0.7099143515625 0.6011960296875001 0.7066476046875
4 0.2365621328125 0.7279759109375 0.40752773124999997 0.753125 0.431234621875 0.753125 0.4359375 0.721334965625 0.4359375 0.7103638453125 0.24285647500000002 0.6832625796875 0.2365621328125 0.7279759109375
4 0.064034021875 0.3870092421875 0.290625 0.3017414765625 0.290625 0.27782653125 0.26072198125 0.1953125 0.2255363046875 0.1953125 0.0175975578125 0.2703741953125 0.064034021875 0.3870092421875
4 0.9949842625 0.324383409375 0.8635525890625001 0.1848358546875 0.784375 0.259715840625 0.784375 0.2622783140625 0.9189803124999999 0.4046875 0.9328825125 0.4046875 0.9944586953125001 0.3469638859375 0.9949842625 0.324383409375