4 0.45551694062500003 0.3359262328125 0.561351096875 0.3796875 0.5885035937499999 0.3796875 0.603125 0.34110429375 0.603125 0.3266139421875 0.47468154374999993 0.2724371421875 0.45551694062500003 0.3359262328125
4 0.3196764453125 0.3678645 0.32779685468749997 0.36443780000000003 0.3349140265625 0.36627597968750003 0.338182875 0.3717593140625 0.3374374703125 0.37757346406250003 0.440625 0.3257276921875 0.440625 0.3212515921875 0.41774968437500004 0.271875 0.408567378125 0.271875 0.29907472031250004 0.3262891234375 0.3196764453125 0.3678645
4 0.620008475 0.3476840171875 0.6646402078125 0.397829625 0.6652027734375 0.39781653125 0.76875 0.309045253125 0.76875 0.303945228125 0.730375125 0.2578125 0.7274422359375 0.2578125 0.620001646875 0.3474884625 0.620008475 0.3476840171875
4 0.00049319375 0.4236342984375 0.0017083625000000001 0.453456665625 0.029622940625 0.4890625 0.030594496875 0.4890625 0.0703125 0.4588999796875 0.0703125 0.45664906250000004 0.025477662499999998 0.40337970937499995 0.00049319375 0.4236342984375
4 0.6579797828125 0.4155538765625 0.618323325 0.3659837390625 0.4796875 0.4742828546875 0.4796875 0.48132604843750004 0.50827204375 0.525 0.510906053125 0.525 0.65790953125 0.417968253125 0.6579797828125 0.4155538765625
4 0.067025865625 0.4418656203125 0.16393038437500002 0.50625 0.18493529375 0.50625 0.2109375 0.46735961093749995 0.2109375 0.4604936140625 0.09916915312499999 0.38912607499999996 0.067025865625 0.4418656203125
4 0.9078416234375 0.5344857203125 0.9101793656250001 0.534308578125 0.9109375 0.5187128078125001 0.9109375 0.419192825 0.692930321875 0.4125 0.6820344296874999 0.4125 0.6784287203125 0.525956003125 0.9078416234375 0.5344857203125
4 0.2602167578125 0.5737340203125 0.26227596875 0.573590025 0.453125 0.47497496562499997 0.453125 0.47327374375 0.41925068593750003 0.390625 0.38650759843750004 0.390625 0.2150538875 0.4720963578125 0.2602167578125 0.5737340203125
4 0.5100295015625 0.4439001578125 0.4703125 0.491537753125 0.4703125 0.49464955625 0.6095491046875 0.5921875 0.619450021875 0.5921875 0.6539101453125 0.5430315859375 0.5100295015625 0.4439001578125
4 0 0.5427220703125 0.030179159374999997 0.5573428578125 0.06610545625 0.49566684375000003 0.0661171953125 0.49541481875000004 0.0185193953125 0.4752763640625 0 0.5080941218749999 0 0.5427220703125
4 0.07645189687500001 0.5577095062499999 0.08067994687499999 0.5574632515625 0.2078125 0.535661709375 0.2078125 0.5053700078125 0.20556268437499997 0.48125 0.1477072390625 0.48125 0.071510903125 0.4913933734375 0.07645189687500001 0.5577095062499999
4 0.35111554375 0.31750149375 0.354181378125 0.3173944328125 0.440625 0.239996859375 0.440625 0.23067386562499997 0.40588818125000004 0.1921875 0.3993047125 0.1921875 0.30926884375 0.27076573593750003 0.35111554375 0.31750149375
4 0.764115140625 0.29262748906249997 0.66550674375 0.1859678953125 0.6652619640624999 0.185950778125 0.6171875 0.23211989375000003 0.6171875 0.2329550140625 0.708889596875 0.3296875 0.7259319328125 0.3296875 0.764052521875 0.2947795265625 0.764115140625 0.29262748906249997
4 0.45593407968750005 0.244686125 0.4738213421875 0.3046875 0.47984396562500004 0.3046875 0.603125 0.2694036859375 0.603125 0.2604970765625 0.58746699375 0.2078125 0.5746800171875 0.2078125 0.4558562015625 0.24245599375000002 0.45593407968750005 0.244686125
4 0.46251520625 0.684375 0.4650310484375 0.684375 0.603125 0.6509407296874999 0.603125 0.644970215625 0.5900113359375 0.5828125 0.5809872734375 0.5828125 0.445963940625 0.61795981875 0.46251520625 0.684375
4 0.43198246406249996 0.6505778671875 0.43131839687499995 0.6022308484375001 0.2375 0.6049648000000001 0.2375 0.6298411749999999 0.23883485000000002 0.6921875 0.3321875734375 0.6921875 0.43129799375 0.6897911718749999 0.43198246406249996 0.6505778671875
4 0 0.6915113984375 0.0230532015625 0.7575906484375 0.23113508437500002 0.6622216140625 0.20158729687500002 0.5828125 0.162982278125 0.5828125 0 0.6566648093749999 0 0.6915113984375
4 0.82585568125 0.7793478781250001 0.996875 0.6761904171875 0.996875 0.6439560875 0.9488700890624999 0.5640625 0.91900800625 0.5640625 0.7583764265624999 0.6640029359375 0.82585568125 0.7793478781250001
4 0.6513524265624999 0.6408768578124999 0.6046675984375 0.6514149328125 0.6341230421875 0.7328125 0.6368507937500001 0.7328125 0.7037947250000001 0.7133170421874999 0.759375 0.6905961125 0.759375 0.6804143109375 0.7367320187499999 0.6203125 0.7339552625 0.6203125 0.6788600484375 0.64202955625 0.6513524265624999 0.6408768578124999
4 0.4677400234375 0.7465407359375 0.482498453125 0.7396088671875 0.49069070625 0.7395914484375 0.4959446265625 0.750942921875 0.47470821875 0.7650953546875 0.6046875 0.7002602609374999 0.6046875 0.6931463546875001 0.5813267671875 0.6453125 0.5637767031250001 0.6453125 0.4468345546875 0.70424348125 0.4677400234375 0.7465407359375
4 0.26955315 0.791832684375 0.272841803125 0.7916219390625 0.428125 0.6676648703125 0.428125 0.6665651671874999 0.4086612609375 0.640625 0.389843084375 0.640625 0.24411354531249999 0.75844831875 0.26955315 0.791832684375
4 0.225675778125 0.181059240625 0.0109375 0.30458077031249997 0.0109375 0.32687520625 0.061079453125 0.4125 0.0699934953125 0.4125 0.282837934375 0.286361565625 0.225675778125 0.181059240625
4 0.7898475953124999 0.32887544687500003 0.94481796875 0.3671875 0.9949048734374999 0.3671875 0.9984375 0.345284553125 0.9984375 0.26811227656250003 0.806848490625 0.220393546875 0.7898475953124999 0.32887544687500003