4 0.4767113375 0.37442400781249996 0.48207468750000004 0.374236715625 0.6015625 0.33852683125 0.6015625 0.31731082499999996 0.5902603953125001 0.2765625 0.573397821875 0.2765625 0.45463168906250007 0.3110797578125 0.4767113375 0.37442400781249996
4 0.31702276406249996 0.333376275 0.3156051171875 0.33980991875 0.3111363921875 0.34380991875 0.416060221875 0.37204435625 0.42116864375 0.3719254578125 0.43942629687499996 0.31569992187499996 0.43957314218750004 0.31149483125 0.31890993125 0.2784180734375 0.30625 0.3209229140625 0.30625 0.32475475625 0.3132580046875 0.3271850578125 0.31702276406249996 0.333376275
4 0.615625 0.3230320390625 0.7310842109375 0.384837809375 0.732362728125 0.38476334375 0.7684441625 0.32756307812499996 0.7684597109375 0.3272664140625 0.65153354375 0.2625 0.6487734796875 0.2625 0.615625 0.318808 0.615625 0.3230320390625
4 0 0.456823071875 0.0155585859375 0.4875 0.0203893140625 0.4875 0.0637348375 0.4649973375 0.0638326125 0.463318603125 0.031056856249999997 0.40426494999999996 0 0.4215709515625 0 0.456823071875
4 0.471875 0.45039785937500004 0.471875 0.4652710046875 0.60260626875 0.4890625 0.6479210375 0.4890625 0.6578125 0.43154967187500004 0.6578125 0.43100678437499995 0.483816 0.40567769687500005 0.471875 0.45039785937500004
4 0.2094109359375 0.4605081109375 0.0980584703125 0.3901524 0.065625 0.44141238749999995 0.065625 0.444370584375 0.16194424375 0.5078125 0.179278878125 0.5078125 0.20922747187500002 0.46444716406250003 0.2094109359375 0.4605081109375
4 0.8817143765625 0.5462811359375 0.9095105640625001 0.44530822499999995 0.9104880156249999 0.4333339515625 0.6865060859375001 0.40479366875 0.665625 0.4856348078125 0.665625 0.5186949890625 0.874051425 0.546682734375 0.8817143765625 0.5462811359375
4 0.28520003437499997 0.5875 0.285843734375 0.5875 0.4515625 0.46954045468750005 0.4515625 0.4589513890625 0.3982783140625 0.378125 0.3928765703125 0.378125 0.2189733390625 0.4927697125 0.28520003437499997 0.5875
4 0.4868110859375 0.548584109375 0.5246133296875 0.5984375 0.533556440625 0.5984375 0.653125 0.500466971875 0.653125 0.4897829859375 0.6125057968750001 0.4437318265625 0.4868110859375 0.548584109375
4 0 0.5222929453125 0.0162352984375 0.559049409375 0.0640625 0.5366996375 0.0640625 0.5363760515625 0.0374637765625 0.47362527656250003 0.000047178124999999996 0.493288546875 0 0.5013977671875 0 0.5222929453125
4 0.065625 0.5188211218750001 0.065625 0.5188814359375 0.0914931421875 0.578125 0.1012722984375 0.578125 0.2125 0.5265024640625 0.2125 0.5262723609375 0.1861154625 0.4686349265625 0.065625 0.5188211218750001
4 0.3047507234375 0.236505096875 0.397161003125 0.3203125 0.402178434375 0.3203125 0.4390625 0.2796675296875 0.4390625 0.27583559687500003 0.347009434375 0.1903318125 0.3047507234375 0.236505096875
4 0.6171875 0.28070279375 0.7497986875 0.2934288109375 0.7513373046875 0.293339196875 0.7666964171874999 0.231662853125 0.767082690625 0.2269308078125 0.63544105625 0.2125 0.6276714218749999 0.2125 0.6171875 0.2588499421875 0.6171875 0.28070279375
4 0.4558562015625 0.24245599375000002 0.45593407968750005 0.244686125 0.47344606406249995 0.3046875 0.4885520328125 0.3046875 0.603125 0.28131799687500003 0.603125 0.2724367109375 0.5864473484375 0.21512295468749998 0.4558562015625 0.24245599375000002
4 0.4496022328125 0.6430401781249999 0.48652070312499995 0.7015625 0.49510766874999995 0.7015625 0.6046875 0.6439755625 0.6046875 0.6317875875000001 0.5718269203124999 0.575776534375 0.4496022328125 0.6430401781249999
4 0.24905665937500002 0.6998573828125 0.2608504734375 0.6993768218749999 0.4359375 0.672509646875 0.4359375 0.6395791703125 0.42889817656250007 0.5921875 0.378017109375 0.5921875 0.235411965625 0.6126007109375 0.24905665937500002 0.6998573828125
4 0.0036313203124999998 0.72195774375 0.1812163171875 0.710561365625 0.22305334375000002 0.7071462390625001 0.22331745 0.615625 0.0067673874999999994 0.615625 0.0059496234375 0.6156736406250001 0.0036313203124999998 0.72195774375
4 0.99440804375 0.693498115625 0.8402785046875 0.5545641906250001 0.75 0.6489902640625 0.75 0.6547694046875 0.9015550390625 0.7953125 0.9051729671875 0.7953125 0.9942184171875 0.70001514375 0.99440804375 0.693498115625
4 0.6896943624999999 0.6454022078125 0.66712854375 0.6312190265625001 0.621758475 0.6179354828125 0.60625 0.6796431046875 0.60625 0.7044116921875 0.6703896421875 0.718905809375 0.7089232875 0.7234375 0.7344321828125 0.7234375 0.75107121875 0.6534023765625 0.6896943624999999 0.6454022078125
4 0.4467857421875 0.689226509375 0.45831747656250005 0.7364773109375 0.47409665624999997 0.734669796875 0.4820603046875 0.7373274328125 0.48480866875000006 0.7498919125 0.467665240625 0.7546875 0.47410109843750003 0.7546875 0.6 0.73708765 0.6 0.7198387312500001 0.5878055609375 0.6688909234375 0.4467857421875 0.689226509375
4 0.240685565625 0.68823303125 0.23726805624999997 0.7336325046875001 0.4216794859375 0.7327080703125 0.4328090234375 0.7317343625 0.434375 0.71268950625 0.434375 0.6875 0.30349096875 0.6875 0.240685565625 0.68823303125
4 0.077468015625 0.394125184375 0.2921875 0.28369196875 0.2921875 0.26061115468749996 0.256553475 0.1875 0.2116214359375 0.1875 0.019067434375 0.2832930546875 0.077468015625 0.394125184375
4 0.990556590625 0.368897978125 0.996875 0.3394010265625 0.996875 0.2567016125 0.8122354078124999 0.2125 0.8119496171874999 0.2125 0.789189253125 0.3210714859375 0.990556590625 0.368897978125